Tambra Molyneux,100420,CS,1817,1899,1830,1975,1972,1995,1898,2034,2053,1930,
Carline Jeffcock,100421,CS,2114,1910,2037,1861,1924,1989,2066,1882,2009,1904,
Dovie Cowan,100422,CS,1923,2127,2055,2033,2103,1994,2005,1897,1984,1995,
Clarisa Corr,100423,CS,2105,2027,1923,1810,1994,2101,2005,1791,1921,2053,
Donn Kinnear,100424,CS,1918,1984,2008,1905,1939,1909,1990,2101,2092,2213,
Nathan Clarkson,100425,CS,2155,1918,2098,2062,2133,1940,1873,2127,1865,1971,
Genevieve Newbold,100426,CS,2127,1810,1897,2107,1990,1946,2013,2055,2060,2041,
Alyce Butter,100427,CS,1678,2001,2180,2084,1994,1855,2114,2026,1858,1997,
Barbra Hand,100428,CS,1984,1933,1872,2269,2053,2016,2005,2000,2093,1986,
Lenore Batty,100429,CS,1911,1991,1854,2111,2001,2007,2028,1994,1932,2163,
Mellisa Thurling,100430,CS,2223,2055,1927,2100,2007,1765,2009,2008,1991,2101,
Izola Durham,100431,CS,1990,2054,1988,2055,1945,1812,2061,1939,1954,2067,
Noelle Docker,100432,CS,1870,1928,1965,2001,2149,1924,1939,2080,2131,1994,
Reggie Templeton,100433,CS,1931,1994,1985,1923,2046,1848,1742,1950,2084,1956,
Johna Isherwod,100434,CS,1989,2108,2165,2114,1985,1730,1799,2000,2005,2067,
Willetta Paisley,100435,CS,1994,1877,1804,1885,1984,1864,1933,1946,2154,2114,
Lilliam Hansen,100436,CS,2011,1997,1861,1974,1969,1931,1922,2176,1865,1970,
Heather Bullock,100437,CS,2219,2154,2152,1965,1989,2114,1950,2061,2080,1964,
Fleta Kram,100438,CS,1921,2262,2136,1989,1897,2202,2085,1965,1985,1764,
Bibi Whittingham,100439,CS,2015,2205,1998,1932,2013,1896,1867,2104,2064,2012,
Herta Youlden,100440,CS,2173,2328,2054,2108,1995,2014,2036,1976,1934,1974,
Nickolas Olivier,100441,CS,1998,2081,1882,2094,1975,2124,2037,1926,2009,2082,
Barrie Hume,100442,CS,2064,1845,1922,1917,2114,1875,1997,2123,1882,1926,
Collette Rowley,100443,CS,1861,1790,2001,2103,2149,2162,1811,1945,2061,1911,
Rhona Nicholas,100444,CS,1779,1999,1909,2098,1975,1875,1931,1945,2119,1866,
Scottie Perks,100445,CS,1975,2063,1930,2037,1963,1986,2055,1887,1795,2200,
Herman Radford,100446,CS,2107,1884,1853,1863,1947,1922,2131,1987,2066,1838,
Gerald Atherley,100447,CS,2005,1992,2094,2138,2131,1954,2137,2061,2059,2063,
Odessa Gamble,100448,CS,2067,1854,1969,1989,1924,1988,1975,2133,2046,1899,
Deshawn Guilmard,100449,CS,2062,1836,2045,1903,2034,1974,2013,2203,2015,2137,
Kymberly Heaton,100450,CS,2275,1934,2036,1829,1904,2064,2094,1765,1970,2099,
Catherine Isherwod,100451,CS,2060,1996,1949,2065,2064,2112,1995,2042,1867,1855,
Justina Thornes,100452,CS,1868,1903,2028,2013,2044,1998,1909,2043,1831,2062,
Rubin Pike,100453,CS,2059,2060,2054,2138,2013,1867,1934,2127,2005,1955,
Jeannie English,100454,CS,2238,1838,1871,1837,2128,2053,2046,2164,1998,1905,
Alfreda White,100455,CS,2105,1949,2063,1838,1986,1993,1977,2131,1947,1969,
Debra Whitehouse,100456,CS,1897,1863,1939,1977,1884,2100,1993,2041,2009,2006,
Albertine O leary,100457,CS,1997,2064,1878,2026,2009,2006,1977,2005,1894,2065,
Loretta Odonnell,100458,CS,2060,1864,2113,2137,1897,2205,1954,2062,2001,1973,
Laureen Walter,100459,CS,1924,2173,2010,1985,2106,1973,2339,2062,1998,1956,
Crystal Mooney,100460,CS,2152,1948,2120,1915,2098,2027,1924,2011,2062,2101,
Priscilla Foden,100461,CS,2033,2055,2135,2085,2015,1995,1882,2119,2016,1940,
Norman Hiscocks,100462,CS,2041,1988,1931,2082,2010,1922,2114,1991,2007,1996,
Clarence Jackson,100463,CS,2012,2001,1835,2080,2225,2015,2014,1994,1964,1819,
Evangelina Callow,100464,CS,2081,2112,1969,1995,2028,2006,2066,2093,2041,2119,
Judson Kipling,100465,CS,2128,1975,1877,2037,2161,1861,1874,2228,1986,1829,
Sueann Somerville,100466,CS,2085,1996,2053,1954,2112,1895,1872,2101,1971,2054,
Ehtel Kennett,100467,CS,1946,2108,1996,1976,1904,1941,1955,1929,2104,2166,
Loriann Corbett,100468,CS,1838,2027,2085,2102,1940,1877,2109,2106,2092,2013,
Arlie Keith,100469,CS,1940,1947,2113,2036,1863,1975,2192,2015,2026,2111,
Leena Fairclough,100470,CS,1918,1923,2037,2013,2059,1886,1972,1905,2102,1866,
Honey Fernyhough,100471,CS,1954,1871,1922,2060,1969,1977,2183,1990,1885,2009,
Velda Tellis,100472,CS,1933,2037,1859,1925,2001,2106,2084,1860,2006,1878,
Zula Grivet,100473,CS,2055,1934,2084,2007,2156,2100,2110,2227,2032,1931,
Angeles Philpott,100474,CS,2106,1923,2011,2045,1970,1975,2094,2016,1872,2152,
Camie O gorman,100475,CS,2111,1859,1976,2054,1940,2067,2010,1997,1924,2062,
Valentina Hatch,100476,CS,1925,1955,2208,1940,1992,2046,2178,1965,1897,1932,
Ignacio Rixon,100477,CS,2036,2006,1976,2041,2149,2125,2033,2105,1954,1956,
Renita Gandham,100478,CS,1930,1992,1999,2028,1976,1993,2098,1818,1990,2179,
Oliva Rowland,100479,CS,2120,1947,2059,1885,1837,1865,1941,1964,1838,2174,
Dwight Godwin,100480,CS,2082,2060,2239,2099,1926,2182,2027,2108,1986,2153,
Marlon Barry,100481,CS,1991,1996,1940,2282,1956,1829,2112,1873,2005,1918,
Arleen Gilbert,100482,CS,1894,2011,1950,2163,2124,2213,1866,1964,2062,1987,
Kisha Mcgregor,100483,CS,2101,1973,1931,1994,2113,1964,1949,1926,1945,1955,
Cassaundra Fisk,100484,CS,2053,2041,1861,2011,2092,1940,2034,2269,1963,1911,
Ozie Dempsey,100485,CS,1971,2063,2015,2036,1899,1798,1963,1931,2028,1763,
Kecia Harris,100486,CS,1921,1963,1915,2273,2178,1997,1999,2001,2067,1872,
Anton Overton,100487,CS,2110,2192,1955,2108,2015,2006,1838,1899,1845,1854,
Arthur Groves,100488,CS,2065,2094,2132,2154,1871,2139,2061,1985,1886,2035,
Martine Garcia,100489,CS,2062,2105,1997,1977,1872,1910,2046,2013,1883,1898,
Francisco Fearnley,100490,CS,1921,1832,2121,1934,2065,2055,1947,2092,2028,2005,
Hermina Purvis,100491,CS,1965,1876,2130,2059,2045,1993,2212,2012,2000,1974,
Brian Edlington,100492,CS,1947,2120,2066,2042,1999,1878,1970,1843,1895,2123,
Tanisha Tait,100493,CS,2046,2059,2082,1860,1948,1926,2044,2034,2081,2205,
Magaly Fern,100494,CS,2110,2042,2108,2121,2010,1865,1946,2063,2103,1899,
Enedina Smit,100495,CS,1934,2036,2005,2122,1864,1882,1939,1832,1977,1976,
Myrl Woods,100496,CS,2102,1862,2067,1954,2094,1985,2042,2006,1894,2012,
Jann Elder,100497,CS,2012,1940,2083,1899,2080,1836,2061,2006,1987,2081,
Keneth Mundy,100498,CS,1985,1975,1872,1963,1939,1857,1838,1806,2054,2009,
Rasheeda Kendell,100499,CS,1844,1940,2007,2067,1922,1987,2101,1972,1997,1965,
Kiesha Felton,100500,CS,1897,2114,2132,2032,1821,1964,1940,2028,2013,2045,
Xavier Green,100501,CS,1996,2121,2066,1987,2041,2106,1918,2013,2032,2044,
Esmeralda Kram,100502,CS,1998,1965,1950,2013,1970,2001,1923,1993,1999,1973,
Nobuko Darbyshire,100503,CS,2042,2028,2044,2001,1839,2114,1995,1922,2013,1998,
Jene Rollinson,100504,CS,1874,2007,2150,1895,1963,1995,1909,2006,2109,1862,
Jeneva Glaister,100505,CS,2015,2106,1974,2183,2006,2042,1969,1834,1931,2055,
Earleen Bradley,100506,CS,2154,1875,2084,1862,2033,2001,2011,1911,2034,1929,
Dean Aldworth,100507,CS,2062,2034,1986,2053,2008,1941,2084,1857,1871,1954,
Many Longworth,100508,CS,1989,1894,2134,1923,2139,1899,1909,1992,1869,1833,
Aron Ianson,100509,CS,1867,1963,1935,1995,1916,2026,1964,1926,1887,1917,
Coralie Skipper,100510,CS,2013,2063,2053,1974,1999,1915,1706,1984,1896,1933,
Wally Vinny,100511,CS,1984,1829,1924,1868,1975,2105,2009,2010,2043,2084,
Charleen Finlay,100512,CS,2227,1990,2129,1747,1994,1929,2011,2034,2081,2005,
Angle Pegg,100513,CS,2119,1954,1964,2208,1993,2066,2026,2132,1947,2112,
Kendall Staff,100514,CS,2084,1969,1976,1931,1995,2083,2042,2085,2113,1878,
Shirlene Mulligan,100515,CS,2064,1903,2063,1873,2082,2027,1866,2034,2120,2165,
Trudi Odam,100516,CS,2012,2013,1898,1923,1729,1975,1878,1882,1932,2041,
Denise Mcculloch,100517,CS,2014,1988,1993,1924,1933,1992,2106,1964,1931,1791,
Delta Aird,100518,CS,2007,1969,1971,1903,1999,2065,2059,2011,2128,2164,
Matilda Millard,100519,CS,1917,1767,1804,2106,1866,1828,2107,2033,2126,2053,
Quentin Busby,100520,CS,1857,2035,2124,2175,2219,1872,1839,1954,1950,2036,
Monica Kings,100521,CS,1946,2059,2255,1956,1939,1838,2181,2226,2005,1993,
Liberty Yardley,100522,CS,1996,1963,2063,2085,2054,2007,1873,1964,1910,1991,
Conrad Mackie,100523,CS,1915,1970,1928,2082,2033,1856,2094,1985,1868,1998,
Jessie Khalid,100524,CS,1848,1973,2009,1984,1964,1987,2064,2000,1939,2137,
Risa Addinall,100525,CS,2162,1924,2119,1852,1898,1817,1965,2152,2101,2011,
Bill Warburton,100526,CS,1867,1871,1939,1965,2036,2062,1991,1789,1934,2009,
Marine Ranks,100527,CS,2060,2065,1917,1918,2139,1994,2199,1987,1933,1920,
Marianela Kinsey,100528,CS,2207,1941,1899,1775,1905,2067,2084,1837,2062,1986,
Wally Purkis,100529,CS,2129,1934,1865,2042,1974,2080,1831,2007,2139,1972,
Anne Leeson,100530,CS,1989,1963,1998,2028,1873,1911,2190,2203,2001,1997,
Sybil Compton,100531,CS,2134,1996,1998,2132,1950,1928,2026,2027,1977,2119,
Francesca Morton,100532,CS,2008,2016,2033,1883,1904,1955,2107,1903,2005,2061,
Concha Stoppard,100533,CS,1963,1972,2010,1973,2012,2007,2016,2150,1993,2162,
Lu Mclaren,100534,CS,2105,1857,2094,1920,2032,1947,1972,2000,1878,2198,
Shanta Underwood,100535,CS,2065,1974,1835,2043,2102,2034,2114,2013,1904,1949,
Phoebe Peyton,100536,CS,2080,2064,1878,1941,2066,2084,2059,1996,1930,2179,
Shalon Ransom,100537,CS,1940,2006,1947,2036,1904,2066,1986,1832,2102,1987,
Cherise Bugg,100538,CS,1924,2013,2082,2151,2098,2136,1984,2127,1995,1933,
Hong Ayling,100539,CS,2133,2007,1996,2129,2066,1963,2228,1859,2275,1905,
Jody Elling,100540,CS,1992,2061,2041,1930,1973,1905,2009,2084,2081,1903,
Melida Gibbins,100541,CS,2042,1865,1848,2060,2032,1996,1999,2098,2046,2149,
Marquetta Everton,100542,CS,1861,2054,2181,1865,1904,1835,1985,1920,1945,1987,
Luanna Kettell,100543,CS,1895,2081,2009,1954,2198,2067,2114,1995,1988,2054,
Nathalie Thurbon,100544,CS,2173,2053,2055,1986,1928,1883,2066,2012,2000,2094,
Ulrike Herron,100545,CS,2128,1844,2000,1993,1949,1974,1954,1986,1988,2136,
Destiny Roberts,100546,CS,1987,2067,1859,2015,1965,1848,2033,1918,2016,1928,
Susie Crowe,100547,CS,1986,2045,1932,2028,1950,2115,1949,2013,2201,1916,
Frederick Bassett,100548,CS,1855,2128,1990,2015,1882,2005,1935,2217,1899,2083,
Ashlie Norgrove,100549,CS,1947,2107,2115,2010,2101,1854,2064,2188,2008,2161,
Abbey Kenward,100550,CS,2032,2157,1927,1963,1909,1931,1990,2081,1886,2093,
Deanne Forester,100551,CS,2152,2016,2045,2034,2083,2155,2010,1984,1972,1895,
Tomi Gilmour,100552,CS,2135,1933,2154,1994,2044,1904,2098,2121,1932,2094,
Inge Kerrighen,100553,CS,1828,2107,2119,2114,1954,2008,2045,1997,2007,2193,
Luise Wrigglesworth,100554,CS,1950,2060,2100,2063,1993,2099,1977,2133,2120,1996,
Frank Lovegrove,100555,CS,2112,1917,1887,1963,2201,1969,2139,1956,2054,1985,
Markita Chelmy,100556,CS,1924,1977,2026,1954,2016,1925,2060,2101,2067,2122,
Pamela Price,100557,CS,2053,2101,2166,2242,1820,1920,2092,1991,1976,1830,
Dinorah Gerard,100558,CS,1996,2001,2034,2099,2113,1812,2065,2044,1989,2238,
Carlotta Abbott,100559,CS,1876,2109,1984,1917,2161,1998,2066,2032,2060,1989,
Bernetta Terry,100560,CS,1977,2042,2085,1986,2016,1856,1963,1915,1972,1984,
Kareen Utley,100561,CS,2184,2000,1928,1970,1941,2083,1837,1923,2009,2109,
Jenifer Tohill,100562,CS,2164,2137,2098,1948,2059,2126,1975,2010,2011,2016,
Marisol Prosser,100563,CS,2139,2065,1991,2015,1927,1990,2042,1903,2010,1866,
Leone Boden,100564,CS,1909,2033,2173,2103,1887,1977,2139,2006,1838,2001,
Lianne Sheldon,100565,CS,1956,2122,1918,1965,1989,1973,2120,2043,1899,1988,
Dori Diamond,100566,CS,1915,2035,2059,1860,1996,1927,1985,1946,1995,2036,
Felice Peaper,100567,CS,2062,2190,1931,2174,1884,1956,1910,1972,2081,1870,
Cassi Donnelly,100568,CS,1945,2027,2042,1990,1927,1887,2153,2129,1955,2107,
Jeromy Jeffries,100569,CS,1922,2126,2012,2136,1964,2014,1894,2103,2137,1954,
Octavio Hurst,100570,CS,1875,2155,1975,2203,1955,2098,1991,1933,2110,2012,
Cleotilde Platts,100571,CS,1926,2005,1984,2032,2112,1859,1930,2174,2034,1843,
Riley Grange,100572,CS,1975,1991,2113,1916,2154,2015,1874,1948,1923,2011,
Charlette Dyson,100573,CS,1825,1796,2045,2165,2036,1999,1975,2059,1973,2081,
Nery Dove,100574,CS,2043,2065,1871,2103,1886,2242,2032,1882,2164,1990,
Jospeh Capper,100575,CS,1917,1963,2083,2066,1931,1869,2027,2131,2127,2044,
Nilda Cowell,100576,CS,1946,2045,1866,1922,2226,1858,2092,2099,1965,2066,
Carri Kenyon,100577,CS,1988,2060,2092,2150,1939,1991,1911,1940,2149,2008,
Jess Driver,100578,CS,2013,2012,2267,1930,1935,1954,1931,2067,2015,2060,
Dorotha Finan,100579,CS,2042,1994,1997,1939,1904,2099,1965,1821,2182,2124,
Zenaida Day,100580,CS,1928,2094,1963,2102,2011,2032,2009,1991,2082,1948,
Karma Rippin,100581,CS,2012,1887,1798,1812,2080,1899,2059,1955,2081,1844,
Evangeline Anderton,100582,CS,1838,1928,1837,1970,2082,1854,2135,2042,2173,2054,
Vivien Petticrew,100583,CS,1965,1986,1919,1989,1987,1991,2105,2028,1932,2207,
Eulah Thurbon,100584,CS,1963,1909,2080,2119,1945,1973,1925,2163,1844,2000,
Jammie Littlewood,100585,CS,2081,2176,1992,1948,2123,2045,1876,2061,2083,2094,
Deandre Graham,100586,CS,2036,2222,2042,2163,2006,1925,2162,1884,2083,2173,
Veronique Kinch,100587,CS,1875,1899,2036,2037,2012,2005,2103,1924,1929,2204,
Nancie Utton,100588,CS,1844,2064,1964,1984,1923,1941,2028,2032,2053,1905,
Micha Fearn,100589,CS,2130,2131,1977,1955,2011,1910,1939,1904,2098,2134,
Thomas Anley,100590,CS,1918,1819,2005,2046,1927,1921,2128,1933,2114,2011,
Sherrell West,100591,CS,2059,1863,1833,2064,2139,1819,2113,1974,2005,2093,
Cordelia Garside,100592,CS,1918,2084,1856,1991,2027,2028,1929,1974,2206,1931,
Mercedez Robertson,100593,CS,1753,1932,2108,1948,2005,1909,1834,1972,1947,2035,
Shea Nood,100594,CS,2120,2157,1918,1999,2027,1987,1977,2028,1975,1723,
Fallon Willis,100595,CS,2162,2092,1955,2112,1963,2005,1819,2220,2037,1883,
Theda Murrell,100596,CS,1991,1997,2109,2213,2001,2155,2182,2066,1858,2044,
Tobi England,100597,CS,2028,2119,1781,2139,2037,1903,1989,1874,2092,2218,
Roscoe Jobson,100598,CS,2027,1731,1992,1950,1911,1897,1882,1977,1832,1986,
Jenna Ferns,100599,CS,1903,1985,1910,1939,1855,1927,2150,1885,2132,2061,
Abbey Coulson,100600,CS,2067,1964,1800,1965,2035,2000,1945,2065,1839,1903,
Renaldo Little,100601,CS,1940,2034,2115,1872,2037,2013,1973,2183,2125,2005,
Jacinta Morris,100602,CS,2122,2067,2080,1871,1925,1858,1930,1839,1975,1911,
Johna Shand,100603,CS,1847,1986,1921,2027,1964,2053,2064,1927,2165,1886,
Ryann Burgess,100604,CS,2012,1897,1994,1887,2006,2011,2135,2009,2133,2001,
Rodolfo Kimber,100605,CS,1974,1987,2174,1954,1928,1972,1934,1898,2013,2010,
Hailey Titmarsh,100606,CS,1887,2063,1974,1909,2151,1926,2011,2053,2123,1950,
Guy Falk,100607,CS,2037,2028,2005,2013,1987,1909,1898,2061,2014,2121,
Magen Froy,100608,CS,2055,1970,2193,1857,1933,1949,2092,2064,2149,2067,
Filomena Tovey,100609,CS,1963,2053,1926,2094,2174,2099,2006,2010,2009,2063,
Renate Buxton,100610,CS,2026,2042,2001,2043,2059,1999,2080,2045,2101,2105,
Maryln Mould,100611,CS,2149,2081,1926,1956,1995,2121,2005,2198,2041,2010,
Jade Fisk,100612,CS,1991,1972,1897,2101,2034,1925,2037,2001,2044,2032,
Dixie Kinch,100613,CS,2010,1998,1950,1977,1894,1991,2114,2013,1949,1997,
Laurena Furniss,100614,CS,2036,2064,1862,1921,1800,1988,2111,1886,2044,1994,
Chet Mcarthur,100615,CS,2034,1910,1917,1899,1940,2009,1963,2014,1995,2036,
Laura Kirwin,100616,CS,2104,2098,1910,1930,2062,1925,1988,1866,2005,2063,
Dorie Lois,100617,CS,2120,2061,2035,1922,1886,1843,1818,1970,1882,1990,
Moses Blakeley,100618,CS,1918,1875,1905,1903,2043,1911,1954,2063,2155,2166,
Tish Stevenson,100619,CS,1731,2101,2062,1948,2033,2032,1899,1998,1993,1863,
Madeline Toms,100620,CS,1954,1904,1998,1836,2102,2028,2064,2041,1931,2182,
Honey Isherwood,100621,CS,2005,1998,1993,1935,1954,2064,2081,1988,2154,1999,
Willow Edwards,100622,CS,2045,2121,2043,1910,1945,2063,1996,2006,2098,2008,
Kelly Gillard,100623,CS,1917,2066,1948,2044,1974,2107,1985,2005,1940,2131,
Robin Airey,100624,CS,2154,1950,1917,1887,2012,1895,1911,2036,1848,2105,
Violette Fricker,100625,CS,2101,2009,2055,1991,1965,2099,2103,2035,2164,2114,
Inga Felix,100626,CS,2104,2154,2240,2123,1970,2032,2084,1940,2063,1904,
Willian Sturrock,100627,CS,1999,2054,1990,1871,2149,1869,1878,2109,1917,1963,
Dottie Upson,100628,CS,2027,1885,2060,2093,2092,1950,2174,2129,2124,1834,
Danille Benson,100629,CS,2083,2016,1964,2053,2081,1777,2001,1918,2067,1991,
Elise Bowes,100630,CS,2059,2082,1964,2054,1855,2060,1828,2013,2110,1916,
Rae Amor,100631,CS,2120,1830,1987,2193,2028,1977,2114,1930,2119,1970,
Pamala Delaney,100632,CS,1984,1920,2200,2100,2094,1845,2108,2092,2081,1930,
Ulysses Lanham,100633,CS,1945,1949,2005,1948,2151,1864,1894,1990,1956,1999,
Emery Stanton,100634,CS,2033,2007,2016,2084,1954,1918,1955,2054,1876,1998,
Jasmin Whitham,100635,CS,2006,2061,1930,2009,2063,1782,2062,1882,1987,2054,
Mose Ullmann,100636,CS,1991,1885,2139,1895,1974,2109,1919,1920,1973,1797,
Leslee Glennon,100637,CS,2065,2104,1909,2139,2027,2001,1963,2181,2082,2053,
Jermaine Eskins,100638,CS,1904,2045,1995,1916,1855,2080,1917,2111,1885,1941,
Joye Kirtley,100639,CS,1972,2000,2080,1987,1996,2108,1837,2083,2027,2081,
Sherry Geeson,100640,CS,2225,1933,2012,2181,1990,2010,1945,1970,2061,2122,
Gilberto Carrington,100641,CS,2127,1977,2035,1830,2043,1984,2102,2026,1994,2103,
Adele Evason,100642,CS,2032,2064,1986,1847,1984,2035,1940,2154,1781,1975,
Mariela Osullivan,100643,CS,1766,2012,1989,1977,1882,2045,1969,2084,1877,2102,
Keli Emberson,100644,CS,2099,1999,2106,2007,1925,1985,1928,1986,1885,1990,
Dominque Simon,100645,CS,1932,2012,1833,1939,1989,1886,1950,1949,2126,1956,
Lavern Nero,100646,CS,2027,2010,2033,1945,2026,2053,1993,1948,1935,1791,
Reagan Duggan,100647,CS,2012,2098,1883,1829,2101,2055,2028,1985,1867,1922,
Stanton Jackman,100648,CS,2001,2060,1806,1997,1925,2055,2005,1920,2108,2035,
Robbie Cousins,100649,CS,2037,1985,2006,1919,1999,2176,2016,1923,2067,1858,
Marin Kilb,100650,CS,1996,2006,2154,2060,2015,2064,1852,1860,1994,2220,
Jeni Pender,100651,CS,1917,1921,2109,1948,1946,2006,2043,1970,2163,1971,
Katelynn Nova,100652,CS,2006,2104,1941,1977,2197,2133,2161,1971,1986,2156,
Carie Pankhurst,100653,CS,2188,2008,2139,2059,1865,1955,2166,2007,1987,1973,
Nathalie Newland,100654,CS,2062,1994,1971,1988,2132,1973,1898,1886,1963,2006,
Brenda Nisbet,100655,CS,1868,1995,1919,2133,2001,1894,2045,2026,1989,1945,
Fanny Adam,100656,CS,2063,2127,2010,1997,1992,1948,1949,2082,1869,2151,
Camellia Beattie,100657,CS,2110,2063,2099,1973,1987,1988,1844,1993,2013,1992,
Britt Hurrell,100658,CS,2126,2066,1996,2276,1859,1963,2001,1897,2165,1790,
Delaine Brookfield,100659,CS,2008,1970,2156,2099,1995,2053,1885,1993,1895,1977,
Monica Oldland,100660,CS,1863,1988,1987,2107,1997,1885,1932,2132,1934,1806,
Myrtie Love,100661,CS,1997,1975,2065,2062,2033,2136,1941,2063,2012,1989,
Rosamaria Bowden,100662,CS,2122,1932,2013,2081,1869,1918,1973,2113,1916,1857,
Ali Algar,100663,CS,2150,1917,1965,2045,2010,2082,1903,2083,1930,2008,
Raul Neilson,100664,CS,2110,2037,1885,2044,1839,2033,2059,2082,2060,2027,
Khadijah Lois,100665,CS,2045,1790,1956,2036,2014,1916,2138,1946,1963,2162,
Genevieve Kirwan,100666,CS,1939,2082,1886,2135,1869,1986,1997,1926,2197,2054,
Katharina Ramsden,100667,CS,2132,1812,2067,1899,2081,2042,1990,2093,1941,2014,
Gustavo Garber,100668,CS,1931,1899,2009,1971,1984,1917,2111,2034,2122,1995,
Marcus French,100669,CS,1954,2015,2119,2060,1977,2206,1873,2036,1950,2124,
Louella Topliss,100670,CS,1985,1919,2065,1930,2112,2133,1878,1955,2064,2041,
Maren Lincoln,100671,CS,2108,1976,1920,1922,1911,2060,2034,1921,1940,1945,
Yolande Ernest,100672,CS,2035,1970,1975,2008,2114,1992,1976,2015,2027,2103,
Darren Antic,100673,CS,1835,1941,1934,1977,1997,1985,2176,2129,2054,1911,
Melodie Main,100674,CS,2011,1955,1995,2016,1984,2037,2045,2132,2005,1949,
Mitch Isman,100675,CS,2098,1825,2137,1984,1884,1920,1935,1864,1843,1964,
Malena Hogan,100676,CS,1853,2151,1954,2007,2028,1926,1882,1929,2085,1837,
Yuri Watkins,100677,CS,2001,2009,2101,1875,2013,2098,1829,2008,1985,1921,
Magaret Lawler,100678,CS,2152,2163,1903,1910,2008,2127,1829,2033,2093,2109,
Carroll Arah,100679,CS,2036,1941,2062,2008,1916,2053,1976,2135,1963,2093,
Alita Emsden,100680,CS,2085,1973,2010,1945,2120,1928,2162,1989,2008,2092,
Dreama Harley,100681,CS,2102,1910,2006,1884,2053,2204,2100,2082,2044,1997,
Nancie Mcgee,100682,CS,1976,2008,1948,2035,2262,1924,2010,2062,1837,2026,
Hannah Bruce,100683,CS,2201,2085,2082,1975,1767,2000,1917,1830,2009,2005,
Margarete Davison,100684,CS,1947,2006,1929,1896,1895,2224,2127,1847,1974,2063,
Omar Ewin,100685,CS,2013,1874,1871,2035,1998,2120,2128,2026,2081,2005,
Jeanna Trainor,100686,CS,1941,2005,1954,1940,1986,2055,1929,2010,1828,2015,
Reatha Douthwaite,100687,CS,2041,1972,1928,1925,2027,2124,2063,2005,1969,2257,
Guadalupe Furlong,100688,CS,1971,1948,2067,2041,2133,2080,2084,1874,2059,2138,
Lakeshia Hogg,100689,CS,2054,1905,1939,2128,1964,1972,2005,1974,1970,1995,
Sabrina Tucker,100690,CS,2084,2135,1923,1963,2103,2011,2054,2061,2137,1920,
Roman Nevis,100691,CS,1963,1862,1869,2006,2152,1899,1877,1955,2011,1930,
Terresa Tonner,100692,CS,2035,1876,1863,1895,1833,1975,1970,2036,1996,1910,
Hortencia Appleton,100693,CS,2100,2122,2113,1996,1970,2081,1990,2127,2109,1925,
Leonarda Finan,100694,CS,1870,2054,1963,2100,2093,1832,2155,1928,1917,2064,
Young Jems,100695,CS,1882,1988,2067,2043,2061,1995,1928,2137,1974,2119,
Bonny Crook,100696,CS,2062,1949,1975,1926,1994,2174,1905,1992,2132,2129,
Vernell Chapple,100697,CS,1915,2177,2103,2132,1945,2005,2219,1963,1866,1940,
Patti Line,100698,CS,2005,1878,2085,1999,2054,2138,2016,1955,2163,1857,
Clare Edwick,100699,CS,2055,2012,1931,1950,2014,2001,2008,1963,1855,1965,
Diana Rahman,100700,CS,1810,2082,2066,2111,1926,1886,1930,2203,2162,2027,
Roderick Royle,100701,CS,2001,2099,2006,2010,1922,1989,2036,1885,2065,1997,
Bridgette Finnimore,100702,CS,2053,1767,1931,1838,2151,1955,2098,2084,1873,2011,
Carina De ath,100703,CS,2092,2026,2044,2028,1899,2156,1839,1791,2199,1935,
Franklin Maclean,100704,CS,1778,1764,2162,1915,1835,2014,2067,2106,1987,1999,
Adeline Bainbridge,100705,CS,1921,1977,1858,2053,1956,2098,2063,2113,1986,2085,
Shelley Winship,100706,CS,2060,2013,1987,2055,1923,2157,1955,1916,1996,1975,
Margarito Dawson,100707,CS,2123,1973,1965,1974,1876,2008,1975,2108,2136,2106,
Raguel Fortin,100708,CS,2110,2138,2036,2062,1917,2085,2098,1955,1926,1925,
Demarcus Norris,100709,CS,1998,1941,1954,2139,2115,1886,2179,2061,1931,1964,
Bernard Mcbain,100710,CS,1820,1976,2226,1755,1934,2093,1947,1927,1999,1948,
Ariane Snowdon,100711,CS,1875,2127,1984,1940,1988,2037,2061,2015,2014,1856,
Carmine Alanson,100712,CS,1929,1925,2001,2000,2032,2028,2044,1973,2155,2035,
Delfina Openshaw,100713,CS,1910,2065,2046,1986,2201,1971,2133,2064,1839,2125,
Thomasine Harding,100714,CS,2026,2120,2034,1923,1941,1971,2001,1921,1883,2006,
Clay Alder,100715,CS,1990,1972,1939,2059,2173,2067,1862,2055,2033,2012,
Marcie Bruce,100716,CS,1988,2055,2093,2082,2042,1924,1932,1986,1948,2179,
Zelda Luttrell,100717,CS,1991,2224,1993,1997,1910,2034,1975,2114,2179,1905,
Tora Kipling,100718,CS,2122,1985,1969,2081,1915,1930,1886,2045,1973,1965,
Daron Rowlinson,100719,CS,1860,1791,2135,1948,1922,2150,1954,1955,1963,1875,
Evonne Kayes,100720,CS,2054,2081,1838,1934,1909,2005,1998,2112,2055,1923,
Rueben Dann,100721,DS,1864,2024,1931,2074,1879,2019,1973,2039,1877,2002,
Kimbra Sewell,100722,DS,1879,1937,1919,2103,1914,2004,1881,1911,1888,2086,
Shiloh Fenlon,100723,DS,1908,2019,2047,2060,2045,2014,1959,2201,1841,2025,
Autumn Falk,100724,DS,2083,1992,1975,2021,1892,1920,1914,2018,2060,2010,
Flo Woodley,100725,DS,1921,2073,1966,1998,1944,1858,2020,2072,2148,1987,
Delmar Atkinson,100726,DS,2031,1938,1890,2150,1996,1943,2028,2127,2005,2259,
Sharla Tuffnell,100727,DS,1952,2056,2105,1936,1991,2245,2005,2089,2018,1974,
Louis Warriner,100728,DS,1992,1950,1960,2071,2203,2193,2136,2087,2043,2084,
Juliette Grimes,100729,DS,2075,1996,2044,2153,2051,1911,2072,1955,1900,2005,
Margie Leslie,100730,DS,1818,2002,1858,2129,1907,2047,2017,2058,1890,2003,
Cristin Norgrove,100731,DS,1900,2127,2078,1925,2119,2001,1790,1942,2038,2005,
Bruno Akhtar,100732,DS,1968,1960,1979,1950,1913,2069,2005,1978,1981,2007,
Bailey Lee,100733,DS,1924,2143,1920,1987,1971,1837,1938,2003,2030,2020,
Eugenio Mill,100734,DS,2199,1991,2062,2025,2118,1880,1877,1839,2023,1961,
Ambrose Gutteridge,100735,DS,2086,1953,1981,2024,2030,2196,2062,1925,2119,1833,
Rufina Kilmurry,100736,DS,2037,1940,2168,1968,2147,1931,2019,1881,1996,1880,
Sherwood Frankland,100737,DS,1991,2070,2134,2084,2012,1942,1961,1912,2071,2078,
Kenda Colley,100738,DS,2153,1921,1975,2062,1911,1902,1962,2060,1987,1821,
Shonna Yates,100739,DS,1863,2155,2184,2084,2031,1975,2128,1953,2057,1980,
Claribel Connor,100740,DS,2031,2085,2073,2024,1907,1946,2017,2124,2072,1950,
Iliana Kitchin,100741,DS,1942,1908,2117,2019,2007,2071,2058,1998,2050,2038,
Ashleigh Lumley,100742,DS,2074,1891,1962,2012,1998,1908,1991,2070,1902,2274,
Rusty Crabtree,100743,DS,2004,1893,2024,2117,2040,2011,1914,2144,2030,1992,
Beaulah Odell,100744,DS,1921,2084,1962,1881,2037,2002,2058,1998,2010,2073,
Abraham Peacock,100745,DS,1919,2069,1946,1931,1903,1978,1975,1972,1841,2150,
Lorilee Wallace,100746,DS,2106,2087,2098,2067,2124,2050,2011,2046,2145,2091,
Cinda Doughty,100747,DS,1854,1858,1979,1987,2083,2148,2096,2016,1937,2012,
Niesha Drew,100748,DS,2038,1944,1976,1906,2022,2040,2003,2030,1958,2024,
Vada Redwood,100749,DS,1977,2007,2005,1972,1974,2045,2070,1973,1962,1967,
Johanna Downey,100750,DS,2194,1921,2025,2069,2155,1983,2090,2038,2143,2044,
Georgene Levann,100751,DS,1951,1972,2116,2029,2001,2091,1890,1911,2063,2002,
Vanesa Debenham,100752,DS,2048,2024,1943,2043,2052,2017,2023,1951,2018,1914,
Kendall Higgins,100753,DS,2050,2234,2166,1837,2047,1978,2005,2136,2063,1975,
Jackeline Linden,100754,DS,2143,2025,2210,1982,2046,2001,1906,2058,2049,1890,
Terrilyn Towers,100755,DS,1982,2060,2136,2026,1906,1998,2209,1919,2022,2141,
Boris Buckley,100756,DS,1943,1992,2058,2179,2026,2117,2063,1974,2091,1879,
Burl Aikman,100757,DS,1974,1942,1957,1873,1906,2002,1968,2014,1879,2020,
Tammie Douthwaite,100758,DS,2052,2005,2119,1976,2025,1880,2078,1680,2037,2087,
Branden Cahill,100759,DS,1978,2005,2018,2022,2056,1957,1907,2058,1840,1900,
Raisa Lumsden,100760,DS,2010,1971,1765,1788,1939,2096,2104,2016,1920,1958,
Quentin Lyme,100761,DS,2014,1900,2158,2031,2038,1974,2076,2039,2116,1950,
Lolita Godby,100762,DS,1913,1992,1952,1978,2166,2039,2073,1941,2084,1851,
Inger Montague,100763,DS,2095,1973,2038,1963,1958,1803,2141,2089,2103,1972,
Jamee Tyrer,100764,DS,1924,1877,2016,2029,1983,1973,2128,2001,1887,1930,
Oliva Parsons,100765,DS,1982,1823,2119,2004,1955,1961,2063,2084,1975,1976,
Giovanni Arnold,100766,DS,1996,2152,1966,1972,2004,2193,2026,2005,1976,2141,
Cheri Savage,100767,DS,2012,2129,1936,1800,2074,2175,2116,1905,2141,2089,
Elia Millard,100768,DS,2048,2070,2050,1975,2003,2005,2143,1931,1982,2098,
Dot Harkness,100769,DS,1980,2031,1953,2049,1957,1962,2044,2048,2018,2060,
Zina Crew,100770,DS,2038,2185,2017,1907,1955,2140,2154,1991,1958,2075,
Fatima Timmins,100771,DS,1972,1973,2060,2068,1992,1981,2056,1996,1979,1937,
Darlene Redin,100772,DS,1974,2038,1982,2028,2019,2063,2005,2085,1979,2052,
Vicenta Bond,100773,DS,2063,1946,1961,1963,2007,2106,2030,1911,2004,1902,
Belle Bayliss,100774,DS,2023,1963,2016,2058,2095,2097,2026,1821,1940,2003,
Cassandra O neal,100775,DS,1973,2175,2117,2018,2150,1834,2017,1925,1892,1785,
Ryann Rashid,100776,DS,2045,1966,2077,2095,1901,1818,2087,1946,1939,1902,
Jeanie Steadman,100777,DS,2003,2021,2018,2172,2005,1874,1944,1942,1981,2074,
Moises Newton,100778,DS,2143,2074,2076,2030,1840,2014,2078,1960,2040,2092,
Usha Richardson,100779,DS,2242,1925,1921,2098,1929,2001,1888,2003,2023,2022,
Deandra Jesson,100780,DS,2023,1833,1961,1881,1919,2025,2086,2128,2118,1978,
Haley Pratt,100781,DS,2126,2092,2140,2043,2040,2103,2069,2019,2025,2074,
Allyson Downie,100782,DS,2049,2031,1890,2079,2052,1977,1851,1976,1935,1983,
Elly Gold,100783,DS,2026,2003,2105,1967,2154,1955,1943,2119,2253,1971,
Shauna Abdi,100784,DS,2060,2185,2095,2076,1959,1929,2141,2031,2052,1982,
Karma Archer,100785,DS,2238,1991,2045,1878,1879,2079,1930,1935,2012,2172,
Sebastian Simmons,100786,DS,2185,1944,1939,1742,1919,2019,2025,2189,1893,2097,
Edyth Brock,100787,DS,1815,1851,2056,2043,2012,2048,2018,1977,2039,2023,
Vito Oxley,100788,DS,1803,2154,1925,1977,2175,2072,2058,1931,2011,1949,
Emiko Pemberton,100789,DS,2025,1980,1930,2012,2050,2029,2046,2030,2010,2052,
Marlyn Peigne,100790,DS,1957,1913,1976,2039,2001,2096,2046,2062,2072,1978,
Vonda Armsden,100791,DS,2057,2004,2078,1961,1980,2028,2048,2031,1930,2026,
Keren Wootton,100792,DS,1963,1890,2195,1968,2031,2001,1974,2078,2024,2064,
Juliette Daniells,100793,DS,2030,2003,2062,2118,2051,2070,1955,2014,1991,2143,
Sherryl O hanlon,100794,DS,2003,2103,1950,1881,1940,2010,1944,1942,1979,2040,
Shawana Cadman,100795,DS,2088,1951,2020,1907,1938,1975,2018,2047,1877,2098,
Rosaline Oddy,100796,DS,2048,1939,2071,2078,1937,2073,1925,2075,1991,1858,
Wallace Overson,100797,DS,2012,2118,1851,2007,1941,1978,2064,2016,1900,1912,
Kindra Pollard,100798,DS,1981,1963,2068,2046,1881,2025,2067,1912,2154,1955,
Agatha Jowett,100799,DS,1987,2062,1941,1966,2026,2058,1998,2096,2134,1949,
Kiana Utley,100800,DS,1968,1961,1929,2047,2010,1974,2153,2058,2064,2142,
Kamala Egerton,100801,DS,2046,2047,2142,1981,1992,1978,1944,1907,1920,1996,
Alaina Ashton,100802,DS,2049,1982,2018,1980,1907,1975,1973,1977,2021,2058,
Blanche Friel,100803,DS,2146,2050,2079,2056,2058,1920,1941,2142,1975,2084,
Fletcher Lucas,100804,DS,2048,2057,1972,2064,2087,2046,2152,2078,2039,2104,
Porfirio Hartley,100805,DS,1941,2043,2088,2011,1972,1967,1843,2049,2117,1863,
Santa Snowdon,100806,DS,2079,2118,1889,2117,2130,1929,2083,1987,1979,1906,
Roland Greenaway,100807,DS,1871,1900,1983,2037,1906,1879,1901,2095,2071,2029,
Earnest Mcculloch,100808,DS,1958,1972,1982,1955,1937,2090,1881,2031,2128,2043,
Delmer Vincent,100809,DS,2038,1974,2030,1937,2071,2116,2049,2130,2098,1889,
Zane Johanson,100810,DS,2049,1963,2154,2052,1881,1914,1991,2146,1959,2166,
Marleen Penn,100811,DS,2215,2060,2043,2012,2086,1992,2130,2017,1966,1975,
Lisandra Varey,100812,DS,1981,1982,1840,1939,2194,2043,2045,2018,1824,1951,
Sheridan Openshaw,100813,DS,2045,2063,1953,1973,2062,1952,2091,1998,2052,2140,
Stefania Pemberton,100814,DS,2085,1904,1835,1976,1925,1982,2060,1903,2074,1940,
Williemae Kinnear,100815,DS,1919,1929,1877,2057,2010,1864,2145,2076,2210,2098,
Theola Dawson,100816,DS,1930,2117,1996,2016,1978,2051,1790,1942,2004,2023,
Norene Penn,100817,DS,1942,2043,2050,2044,1978,1987,1980,1943,2097,2089,
Theola Nickel,100818,DS,1920,1946,2007,2089,1991,1958,2060,1941,2045,2119,
Argelia Towle,100819,DS,2056,2025,1946,2175,1974,1914,1908,2115,1881,1936,
Ruby Amod,100820,DS,1938,2012,1937,2020,2051,2031,2045,1957,2043,2018,
Jess Williams,100821,DS,2049,1931,2017,1944,2051,1943,1980,1992,2001,2128,
Arcelia Rann,100822,DS,1980,1963,2069,1790,2096,2017,2150,1778,1987,2045,
Vickie Everill,100823,DS,1891,2195,1857,2106,2063,1921,2078,2050,1957,2075,
Ardelia Fryer,100824,DS,2057,1975,1871,2014,1974,2047,1929,2003,2217,1982,
Londa Durand,100825,DS,1978,1900,1972,1913,1914,1912,1907,1941,1864,1963,
Nathanael Palmer,100826,DS,1843,2028,1983,2190,2147,2019,1941,1976,2003,1887,
Lizbeth Duvall,100827,DS,1854,2039,1877,1975,2044,2116,2026,2067,2129,2014,
Cinthia Abel,100828,DS,2031,2028,2029,1935,2086,2089,1936,2077,2004,1955,
Babette Norris,100829,DS,2064,1892,2020,1944,1814,1908,2007,2124,1941,1904,
Oralee Lloyd,100830,DS,1814,1996,1937,2159,2087,2016,2051,1963,2037,1943,
Russ Brandrick,100831,DS,2168,1953,2069,1943,1991,1952,1880,2088,1955,2018,
Betty Willett,100832,DS,1978,1930,1976,1975,1991,1941,2038,2020,2161,2152,
Al Haines,100833,DS,1972,1998,2172,1888,2010,1980,2060,1905,2047,1841,
Tony Kitchin,100834,DS,2166,1979,2056,2010,2014,2069,2044,2016,2005,2106,
Petra Hayes,100835,DS,2067,1951,2047,2012,2014,1953,2211,2037,2169,1938,
Scot Forbes,100836,DS,2011,1858,2128,2025,2078,2002,1906,2073,1931,1890,
Anette Locke,100837,DS,2092,1901,1996,2098,1907,2048,2004,1992,2144,1949,
Debbra Wilkin,100838,DS,2136,2023,2044,2063,2067,1891,2186,2038,2046,1975,
Roselle Poole,100839,DS,2060,2058,2106,1911,1891,2097,1963,2039,2025,1953,
Sharilyn Parry,100840,DS,1906,2030,2056,2079,1903,2045,1880,2050,2158,2086,
Gussie Dowson,100841,DS,1978,1905,2040,2051,2048,2045,1955,2167,1892,2136,
Romeo Rooney,100842,DS,1992,1982,2117,2028,2072,2116,2083,1939,1887,2105,
Nora Jenkyns,100843,DS,1983,1821,2124,2058,2031,1906,2021,2019,2017,1963,
Wiley Quirke,100844,DS,2070,2029,1889,2056,1991,2091,1871,1980,1809,2124,
Louisa Calveley,100845,DS,1822,1992,2189,2007,2173,2005,2116,1912,1971,1981,
Kami Hook,100846,DS,1936,2155,1940,2019,1971,1912,2115,1920,1819,2067,
Patsy Leyland,100847,DS,2086,2077,1809,2022,2051,1972,1992,1783,2011,1977,
Abdul Forester,100848,DS,2005,2189,2020,1943,2010,1950,1903,2004,2002,2017,
Chae Osullivan,100849,DS,1992,1888,1996,2026,2004,1878,1821,2040,1953,2063,
Alphonso Armstrong,100850,DS,1976,1961,2249,2014,1963,1878,2004,1871,2103,2089,
Sena Dornan,100851,DS,1957,1960,2002,2037,1935,1893,1877,1998,2078,2086,
Ruthanne Wheatley,100852,DS,2118,2002,2089,1967,2062,1902,1893,1864,2106,2084,
Karol Keilty,100853,DS,2064,2179,2026,1838,2079,1874,1983,1901,2124,2076,
Audrie Iddon,100854,DS,1946,2096,1864,2051,2169,1929,2031,2044,2076,2005,
Jacinto Burr,100855,DS,1949,1935,1950,2026,1979,1911,2085,2017,1955,1968,
Manuel Rosenbloom,100856,DS,1906,1962,1960,2051,1907,1972,2064,1802,1837,1943,
Xavier Putt,100857,DS,1851,2136,2011,2092,2022,2023,2026,2118,1815,2025,
Cierra Keetley,100858,DS,2016,2021,1924,1873,1905,2067,1880,1957,1978,2078,
Usha Llewellyn,100859,DS,1851,2021,2012,1914,2001,2062,2085,2090,2048,2022,
Will Layton,100860,DS,2067,2145,2062,1963,1921,2201,2095,2103,1960,1958,
Jermaine Fowley,100861,DS,2083,2079,2021,2005,2075,1901,1987,2050,1930,1935,
Racquel Glew,100862,DS,2105,2154,2129,2020,1930,2074,1929,2068,2021,2043,
Kandace Kimble,100863,DS,2005,1953,1936,1834,1968,1962,1901,2024,1914,1903,
Anne Matthews,100864,DS,2074,1935,1974,1996,1983,2084,1877,1914,2148,2005,
Asa Kromberg,100865,DS,1992,1908,2075,2030,2049,1873,2128,1936,2016,1935,
Veta Dover,100866,DS,1887,1907,2014,2159,2209,1962,2069,2140,2067,1871,
Rafaela Gifford,100867,DS,2079,2068,1914,2016,1905,1890,1950,2045,2052,1946,
Temeka Furlong,100868,DS,2124,1875,2030,1998,1901,2028,1980,2098,2075,1952,
Fatimah Stark,100869,DS,1900,2003,1849,1950,2126,1974,2075,1935,1905,1929,
Shamika Skinner,100870,DS,1903,2030,1976,2063,2130,2073,2079,1941,2196,1914,
Mario Kinnaird,100871,DS,2046,1903,1893,1974,2145,1968,2058,2011,2091,2115,
Iva Macaulay,100872,DS,2011,2003,2136,1936,1939,2020,1983,1879,1906,2005,
Renea Kenning,100873,DS,2049,2022,2018,1972,1979,2028,2023,2057,1952,2168,
Cherie Curtis,100874,DS,1975,1892,2025,2159,1890,1879,2069,2058,2020,2076,
Jasmin Trinder,100875,DS,2064,2010,2018,2025,2119,1950,2058,1949,1786,2190,
Latosha Shea,100876,DS,1907,2002,2128,1973,1888,1761,1961,2075,1940,2194,
Crystal Jakeman,100877,DS,2091,2078,1946,2005,1996,1961,2023,2138,1863,2072,
Jarod Lovell,100878,DS,2096,2037,2184,2106,2003,1936,1962,1901,1913,2020,
Theodora Faulkner,100879,DS,2067,2017,2154,2040,1967,1854,2029,2072,1880,2045,
Delora Rooney,100880,DS,2154,2044,2057,2161,2064,1937,1957,2002,2003,2001,
Hye Johnson,100881,DS,1938,1972,1967,2185,2025,2129,2091,2090,1951,2147,
Marg Pocock,100882,DS,1906,2016,2005,2023,2154,1938,1803,2011,2085,2150,
Miranda Toms,100883,DS,1924,2005,1784,2003,2086,1822,2104,2115,2067,2160,
Makeda Girdwood,100884,DS,1931,1961,2115,1951,2012,2014,2024,2050,2001,2011,
Burt Smallwood,100885,DS,2250,1931,2088,2039,2060,2045,1908,2128,2170,1972,
Vonda Tucker,100886,DS,1839,1979,1925,2021,1972,2179,2062,2235,1962,1786,
Cathey Farhall,100887,DS,1987,1959,2026,1973,1840,1953,1892,1863,1966,1967,
Nia Burrows,100888,DS,2010,1875,1908,2067,1971,2001,2064,2068,1961,1944,
Lida Stockley,100889,DS,2072,1887,2124,1981,2077,2138,1936,1902,1656,2012,
Sue Lucey,100890,DS,1996,1955,2026,1973,2072,2049,1952,1992,1873,2060,
Twyla Cresswell,100891,DS,2022,1957,2016,2083,2105,1892,2011,2052,2169,2003,
Aubrey Gillen,100892,DS,1824,1992,2274,1875,2115,2029,2072,2014,2097,1863,
Lissette Aslam,100893,DS,2023,1903,1961,2062,2001,1959,2024,1929,1966,2002,
Ernestine Tapping,100894,DS,2088,1920,1951,1977,1981,2091,1925,2047,1785,1930,
Hermine Paul,100895,DS,2018,1955,2073,2058,2021,1906,1925,1972,2030,1920,
Precious Whitelaw,100896,DS,1938,1911,1939,1900,2119,1874,1902,1951,2141,2016,
Yajaira Garbett,100897,DS,2021,2126,1977,1936,2075,1900,2124,2028,2001,2017,
Keshia Fairweather,100898,DS,2124,2049,1952,1808,2073,2117,2038,2071,1998,1905,
Palma Grundy,100899,DS,1962,1794,1992,1940,2049,1887,2025,2028,2038,1981,
Sharleen Alanson,100900,DS,2045,1951,1991,1998,2185,2104,1982,2069,2022,1889,
Christal Lines,100901,DS,1887,1907,1904,1951,2068,2106,1893,1998,1875,2097,
Saturnina Twiggs,100902,DS,1877,2068,2158,2012,2127,2014,1971,1996,1839,2067,
Duane Goodridge,100903,DS,1980,1878,1967,1982,2103,1942,1937,1972,1944,1930,
Jeffery Varey,100904,DS,2010,1975,2063,1998,1973,1971,2086,2049,2079,2048,
Star Kinrade,100905,DS,2087,2119,2089,1939,2052,2098,1913,2074,1935,2064,
Isela Lock,100906,DS,2026,2012,1892,2016,2046,2087,2045,2243,2062,1974,
Carma Clarkson,100907,DS,2037,1921,2115,1998,2126,1961,1987,1963,1943,1878,
Libby Falsh,100908,DS,2076,2063,1952,2069,1904,1890,1972,1900,1979,1936,
Barry Eedie,100909,DS,2067,2077,1975,1911,2040,2037,2022,2089,1880,2056,
Philomena Fleming,100910,DS,1788,1943,2092,1944,2104,1966,1963,1971,1891,1975,
Bart Bradshaw,100911,DS,2029,2025,1962,2083,2136,1912,1981,2022,1902,2079,
Sunny Robert,100912,DS,1963,1987,2058,1904,1889,2023,2075,2070,2010,1929,
Stephen Wheatley,100913,DS,2029,2011,1875,1978,2097,1962,2004,2147,1961,2028,
Tammara Kellie,100914,DS,1877,1930,2020,1968,1946,2057,2118,2037,1959,2050,
Bridgett Dempsey,100915,DS,2097,2007,1967,1784,2087,2067,2103,1968,1873,1919,
Laquanda Marsden,100916,DS,1907,2029,1939,2143,1953,1941,1972,1944,1942,2217,
Daina Lawn,100917,DS,2063,1966,1936,1892,1968,2083,2069,2043,1987,2005,
Sandi Galbraith,100918,DS,2076,2064,2024,2067,2130,1972,2044,1833,1893,2115,
Cleora Ormston,100919,DS,2005,1924,2073,2134,2160,2068,2024,2088,2043,2060,
